1 0 111 1
1 1 111 1
1 2 120 1
1 3 120 1
1 4 121 1
1 5 121 1
1 6 92 1
1 7 93 1
1 8 92 1
1 9 93 1
1 10 114 1
1 11 115 1
1 12 114 1
1 13 115 1
1 14 98 1
1 15 97 1
1 16 97 1
1 17 97 1
1 18 97 1
1 19 99 1
1 20 100 1
1 21 101 1
1 22 99 1
1 23 80 1
1 24 80 1
1 25 80 1
1 26 80 1
1 27 80 1
1 28 80 1
1 29 108 1
1 30 107 1
1 31 104 1
1 32 106 1
1 33 105 1
1 34 103 1
1 35 109 1
1 36 109 1
1 37 112 1
1 38 113 1
1 39 117 1
1 40 118 1
1 41 119 1
1 42 122 1
1 43 122 1
1 44 124 1
1 45 124 1
1 46 126 1
1 47 50 1
1 48 56 1
1 48 67 1
1 48 130 1
1 48 131 1
1 48 132 1
1 48 133 1
1 49 54 1
1 50 47 1
1 50 72 1
1 51 73 1
1 52 73 1
1 53 71 1
1 53 76 1
1 53 77 1
1 53 81 1
1 54 49 1
1 54 55 1
1 54 75 1
1 54 77 1
1 54 82 1
1 55 54 1
1 55 78 1
1 56 48 1
1 56 75 1
1 57 66 1
1 57 72 1
1 57 87 1
1 58 80 1
1 58 83 1
1 58 128 1
1 59 63 1
1 59 79 1
1 60 78 1
1 60 82 1
1 61 62 1
1 62 61 1
1 62 68 1
1 62 69 1
1 62 79 1
1 63 59 1
1 63 70 1
1 63 82 1
1 63 88 1
1 64 72 1
1 64 73 1
1 65 68 1
1 66 57 1
1 66 72 1
1 66 89 1
1 66 109 1
1 67 48 1
1 67 81 1
1 68 62 1
1 68 65 1
1 68 129 1
1 69 62 1
1 69 84 1
1 69 92 1
1 69 93 1
1 69 94 1
1 70 63 1
1 70 129 1
1 71 53 1
1 71 90 1
1 71 91 1
1 71 128 1
1 72 50 1
1 72 57 1
1 72 64 1
1 72 66 1
1 73 51 1
1 73 52 1
1 73 64 1
1 73 80 1
1 73 81 1
1 73 87 1
1 74 83 1
1 74 97 1
1 74 98 1
1 75 54 1
1 75 56 1
1 76 53 1
1 77 53 1
1 77 54 1
1 78 55 1
1 78 60 1
1 78 99 1
1 78 100 1
1 78 101 1
1 79 59 1
1 79 62 1
1 80 23 1
1 80 24 1
1 80 25 1
1 80 26 1
1 80 27 1
1 80 28 1
1 80 58 1
1 80 73 1
1 81 53 1
1 81 67 1
1 81 73 1
1 81 102 1
1 81 103 1
1 81 104 1
1 81 105 1
1 81 106 1
1 81 107 1
1 81 108 1
1 82 54 1
1 82 60 1
1 82 63 1
1 83 58 1
1 83 74 1
1 83 109 1
1 84 69 1
1 84 95 1
1 84 96 1
1 85 88 1
1 85 112 1
1 86 88 1
1 86 113 1
1 87 57 1
1 87 73 1
1 87 111 1
1 88 63 1
1 88 85 1
1 88 86 1
1 88 129 1
1 89 66 1
1 89 116 1
1 89 117 1
1 89 118 1
1 89 119 1
1 89 134 1
1 90 71 1
1 90 120 1
1 91 71 1
1 91 121 1
1 92 6 1
1 92 8 1
1 92 69 1
1 93 7 1
1 93 9 1
1 93 69 1
1 94 69 1
1 94 135 1
1 94 136 1
1 95 84 1
1 95 114 1
1 96 84 1
1 96 115 1
1 97 15 1
1 97 16 1
1 97 17 1
1 97 18 1
1 97 74 1
1 98 14 1
1 98 74 1
1 99 19 1
1 99 22 1
1 99 78 1
1 100 20 1
1 100 78 1
1 101 21 1
1 101 78 1
1 102 81 1
1 102 137 1
1 103 34 1
1 103 81 1
1 104 31 1
1 104 81 1
1 105 33 1
1 105 81 1
1 106 32 1
1 106 81 1
1 107 30 1
1 107 81 1
1 108 29 1
1 108 81 1
1 109 35 1
1 109 36 1
1 109 66 1
1 109 83 1
1 110 128 1
1 110 138 1
1 111 0 1
1 111 1 1
1 111 87 1
1 112 37 1
1 112 85 1
1 113 38 1
1 113 86 1
1 114 10 1
1 114 12 1
1 114 95 1
1 115 11 1
1 115 13 1
1 115 96 1
1 116 89 1
1 116 139 1
1 116 140 1
1 117 39 1
1 117 89 1
1 117 141 1
1 118 40 1
1 118 89 1
1 118 142 1
1 119 41 1
1 119 89 1
1 119 143 1
1 120 2 1
1 120 3 1
1 120 90 1
1 121 4 1
1 121 5 1
1 121 91 1
1 122 42 1
1 122 43 1
1 122 130 1
1 123 131 1
1 123 144 1
1 123 145 1
1 124 44 1
1 124 45 1
1 124 132 1
1 125 133 1
1 125 146 1
1 125 147 1
1 126 46 1
1 126 129 1
1 126 150 1
1 127 129 1
1 127 148 1
1 127 149 1
1 128 58 1
1 128 71 1
1 128 110 1
1 129 68 1
1 129 70 1
1 129 88 1
1 129 126 1
1 129 127 1
1 130 48 1
1 130 122 1
1 131 48 1
1 131 123 1
1 132 48 1
1 132 124 1
1 133 48 1
1 133 125 1
1 134 89 1
1 135 94 1
1 136 94 1
1 137 102 1
1 138 110 1
1 139 116 1
1 140 116 1
1 141 117 1
1 142 118 1
1 143 119 1
1 144 123 1
1 145 123 1
1 146 125 1
1 147 125 1
1 148 127 1
1 149 127 1
1 150 126 1
2 0 0 1
2 1 1 1
2 1 23 1
2 1 24 1
2 1 50 1
2 1 57 1
2 1 64 1
2 1 87 1
2 1 111 1
2 2 2 1
2 3 3 1
2 4 4 1
2 4 121 1
2 5 5 1
2 5 121 1
2 6 6 1
2 7 7 1
2 8 8 1
2 8 12 1
2 9 9 1
2 10 10 1
2 11 11 1
2 12 8 1
2 12 12 1
2 13 13 1
2 14 14 1
2 15 15 1
2 15 16 1
2 15 17 1
2 15 18 1
2 15 98 1
2 16 15 1
2 16 16 1
2 16 17 1
2 16 18 1
2 16 98 1
2 17 15 1
2 17 16 1
2 17 17 1
2 17 18 1
2 17 98 1
2 18 15 1
2 18 16 1
2 18 17 1
2 18 18 1
2 18 98 1
2 19 19 1
2 20 20 1
2 21 21 1
2 22 22 1
2 23 1 1
2 23 23 1
2 23 24 1
2 23 25 1
2 23 50 1
2 23 57 1
2 23 87 1
2 24 1 1
2 24 23 1
2 24 24 1
2 24 50 1
2 24 57 1
2 24 87 1
2 25 23 1
2 25 25 1
2 26 26 1
2 26 27 1
2 26 28 1
2 27 26 1
2 27 27 1
2 27 28 1
2 28 26 1
2 28 27 1
2 28 28 1
2 29 29 1
2 30 30 1
2 31 31 1
2 32 32 1
2 33 33 1
2 34 34 1
2 35 35 1
2 36 36 1
2 37 37 1
2 37 112 1
2 38 38 1
2 39 39 1
2 39 40 1
2 39 41 1
2 39 139 1
2 39 140 1
2 39 141 1
2 39 142 1
2 39 143 1
2 40 39 1
2 40 40 1
2 40 41 1
2 40 139 1
2 40 140 1
2 40 141 1
2 40 142 1
2 40 143 1
2 41 39 1
2 41 40 1
2 41 41 1
2 41 139 1
2 41 140 1
2 41 141 1
2 41 142 1
2 41 143 1
2 42 42 1
2 42 122 1
2 43 43 1
2 43 122 1
2 44 44 1
2 45 45 1
2 46 46 1
2 47 47 1
2 47 72 1
2 48 48 1
2 49 49 1
2 50 1 1
2 50 23 1
2 50 24 1
2 50 50 1
2 50 57 1
2 50 64 1
2 50 72 1
2 50 87 1
2 51 51 1
2 52 52 1
2 53 53 1
2 54 54 1
2 55 55 1
2 56 56 1
2 57 1 1
2 57 23 1
2 57 24 1
2 57 50 1
2 57 57 1
2 57 64 1
2 57 72 1
2 57 87 1
2 58 58 1
2 59 59 1
2 60 60 1
2 61 61 1
2 62 62 1
2 63 63 1
2 64 1 1
2 64 50 1
2 64 57 1
2 64 64 1
2 64 72 1
2 64 87 1
2 65 65 1
2 66 66 1
2 67 67 1
2 68 68 1
2 69 69 1
2 70 70 1
2 71 71 1
2 72 47 1
2 72 50 1
2 72 57 1
2 72 64 1
2 72 72 1
2 72 87 1
2 72 111 1
2 73 73 1
2 74 74 1
2 74 97 1
2 75 75 1
2 76 76 1
2 77 77 1
2 78 78 1
2 79 79 1
2 80 80 1
2 81 81 1
2 82 82 1
2 83 83 1
2 84 84 1
2 85 85 1
2 86 86 1
2 86 88 1
2 87 1 1
2 87 23 1
2 87 24 1
2 87 50 1
2 87 57 1
2 87 64 1
2 87 72 1
2 87 87 1
2 88 86 1
2 88 88 1
2 89 89 1
2 90 90 1
2 91 91 1
2 91 121 1
2 92 92 1
2 93 93 1
2 94 94 1
2 95 95 1
2 95 114 1
2 96 96 1
2 97 74 1
2 97 97 1
2 98 15 1
2 98 16 1
2 98 17 1
2 98 18 1
2 98 98 1
2 99 99 1
2 100 100 1
2 101 101 1
2 102 102 1
2 103 103 1
2 104 104 1
2 105 105 1
2 106 106 1
2 107 107 1
2 108 108 1
2 109 109 1
2 110 110 1
2 111 1 1
2 111 72 1
2 111 111 1
2 112 37 1
2 112 112 1
2 113 113 1
2 114 95 1
2 114 114 1
2 115 115 1
2 116 116 1
2 116 117 1
2 116 118 1
2 116 119 1
2 116 134 1
2 117 116 1
2 117 117 1
2 117 118 1
2 117 119 1
2 117 134 1
2 118 116 1
2 118 117 1
2 118 118 1
2 118 119 1
2 118 134 1
2 119 116 1
2 119 117 1
2 119 118 1
2 119 119 1
2 119 134 1
2 120 120 1
2 121 4 1
2 121 5 1
2 121 91 1
2 121 121 1
2 122 42 1
2 122 43 1
2 122 122 1
2 122 130 1
2 123 123 1
2 124 124 1
2 125 125 1
2 126 126 1
2 126 150 1
2 127 127 1
2 128 128 1
2 129 129 1
2 130 122 1
2 130 130 1
2 131 131 1
2 132 132 1
2 133 133 1
2 134 116 1
2 134 117 1
2 134 118 1
2 134 119 1
2 134 134 1
2 135 135 1
2 136 136 1
2 137 137 1
2 138 138 1
2 139 39 1
2 139 40 1
2 139 41 1
2 139 139 1
2 139 140 1
2 139 141 1
2 139 142 1
2 139 143 1
2 140 39 1
2 140 40 1
2 140 41 1
2 140 139 1
2 140 140 1
2 140 141 1
2 140 142 1
2 140 143 1
2 141 39 1
2 141 40 1
2 141 41 1
2 141 139 1
2 141 140 1
2 141 141 1
2 141 142 1
2 141 143 1
2 142 39 1
2 142 40 1
2 142 41 1
2 142 139 1
2 142 140 1
2 142 141 1
2 142 142 1
2 142 143 1
2 143 39 1
2 143 40 1
2 143 41 1
2 143 139 1
2 143 140 1
2 143 141 1
2 143 142 1
2 143 143 1
2 144 144 1
2 145 145 1
2 146 146 1
2 146 147 1
2 147 146 1
2 147 147 1
2 148 148 1
2 149 149 1
2 150 126 1
2 150 150 1
