1 0 39 1
1 1 41 1
1 2 42 1
1 3 43 1
1 4 39 1
1 4 40 1
1 5 41 1
1 6 42 1
1 7 37 1
1 8 38 1
1 9 44 1
1 10 32 1
1 11 45 1
1 12 14 1
1 13 15 1
1 13 22 1
1 13 23 1
1 13 37 1
1 13 38 1
1 14 12 1
1 14 21 1
1 15 13 1
1 15 23 1
1 15 31 1
1 16 18 1
1 16 28 1
1 17 19 1
1 17 20 1
1 18 16 1
1 19 17 1
1 19 20 1
1 20 17 1
1 20 19 1
1 20 30 1
1 20 33 1
1 21 14 1
1 21 23 1
1 22 13 1
1 22 26 1
1 22 33 1
1 22 34 1
1 22 36 1
1 22 39 1
1 22 41 1
1 22 42 1
1 22 43 1
1 23 13 1
1 23 15 1
1 23 21 1
1 23 24 1
1 23 31 1
1 24 23 1
1 24 33 1
1 25 26 1
1 25 33 1
1 26 22 1
1 26 25 1
1 26 29 1
1 27 29 1
1 27 30 1
1 28 16 1
1 29 26 1
1 29 27 1
1 29 36 1
1 29 44 1
1 30 20 1
1 30 27 1
1 30 36 1
1 31 15 1
1 31 23 1
1 32 10 1
1 32 36 1
1 33 20 1
1 33 22 1
1 33 24 1
1 33 25 1
1 34 22 1
1 35 36 1
1 36 22 1
1 36 29 1
1 36 30 1
1 36 32 1
1 36 35 1
1 36 45 1
1 37 7 1
1 37 13 1
1 38 8 1
1 38 13 1
1 39 0 1
1 39 4 1
1 39 22 1
1 40 4 1
1 41 1 1
1 41 5 1
1 41 22 1
1 42 2 1
1 42 6 1
1 42 22 1
1 43 3 1
1 43 22 1
1 43 46 1
1 44 9 1
1 44 29 1
1 45 11 1
1 45 36 1
1 46 43 1
2 0 0 1
2 0 2 1
2 0 3 1
2 0 4 1
2 0 6 1
2 0 46 1
2 1 1 1
2 1 5 1
2 2 0 1
2 2 2 1
2 2 3 1
2 2 4 1
2 2 6 1
2 2 46 1
2 3 0 1
2 3 2 1
2 3 3 1
2 3 4 1
2 3 5 1
2 3 6 1
2 3 46 1
2 4 0 1
2 4 2 1
2 4 3 1
2 4 4 1
2 4 6 1
2 4 46 1
2 5 1 1
2 5 3 1
2 5 5 1
2 5 46 1
2 6 0 1
2 6 2 1
2 6 3 1
2 6 4 1
2 6 6 1
2 6 46 1
2 7 7 1
2 8 8 1
2 9 9 1
2 10 10 1
2 11 11 1
2 12 12 1
2 13 13 1
2 14 14 1
2 15 15 1
2 16 16 1
2 17 17 1
2 18 18 1
2 19 19 1
2 20 20 1
2 21 21 1
2 22 22 1
2 23 23 1
2 24 24 1
2 25 25 1
2 26 26 1
2 27 27 1
2 28 28 1
2 29 29 1
2 30 30 1
2 31 31 1
2 32 32 1
2 33 33 1
2 34 34 1
2 35 35 1
2 36 36 1
2 37 37 1
2 37 38 1
2 38 37 1
2 38 38 1
2 39 39 1
2 39 41 1
2 39 42 1
2 39 43 1
2 40 40 1
2 41 39 1
2 41 41 1
2 41 42 1
2 41 43 1
2 42 39 1
2 42 41 1
2 42 42 1
2 42 43 1
2 43 39 1
2 43 41 1
2 43 42 1
2 43 43 1
2 44 44 1
2 45 45 1
2 46 0 1
2 46 2 1
2 46 3 1
2 46 4 1
2 46 5 1
2 46 6 1
2 46 46 1
