1 0 57 1
1 1 57 1
1 2 52 1
1 3 52 1
1 4 53 1
1 5 54 1
1 6 55 1
1 7 56 1
1 8 53 1
1 9 54 1
1 10 55 1
1 11 56 1
1 12 49 1
1 13 49 1
1 14 50 1
1 15 50 1
1 16 50 1
1 17 50 1
1 18 51 1
1 19 35 1
1 20 35 1
1 21 35 1
1 22 40 1
1 22 57 1
1 22 58 1
1 23 34 1
1 23 49 1
1 24 28 1
1 24 35 1
1 25 28 1
1 25 29 1
1 26 31 1
1 26 32 1
1 27 41 1
1 27 44 1
1 28 24 1
1 28 25 1
1 28 35 1
1 28 45 1
1 28 52 1
1 29 25 1
1 29 39 1
1 29 41 1
1 30 31 1
1 31 26 1
1 31 30 1
1 31 35 1
1 31 40 1
1 31 43 1
1 32 26 1
1 32 42 1
1 32 46 1
1 33 36 1
1 33 38 1
1 34 23 1
1 34 37 1
1 34 44 1
1 35 19 1
1 35 20 1
1 35 21 1
1 35 24 1
1 35 28 1
1 35 31 1
1 35 40 1
1 36 33 1
1 36 42 1
1 37 34 1
1 37 45 1
1 38 33 1
1 38 47 1
1 38 48 1
1 38 51 1
1 39 29 1
1 40 22 1
1 40 31 1
1 40 35 1
1 40 50 1
1 41 27 1
1 41 29 1
1 42 32 1
1 42 36 1
1 42 47 1
1 43 31 1
1 44 27 1
1 44 34 1
1 45 28 1
1 45 37 1
1 46 32 1
1 47 38 1
1 47 42 1
1 48 38 1
1 48 53 1
1 48 54 1
1 48 55 1
1 48 56 1
1 49 12 1
1 49 13 1
1 49 23 1
1 50 14 1
1 50 15 1
1 50 16 1
1 50 17 1
1 50 40 1
1 51 18 1
1 51 38 1
1 52 2 1
1 52 3 1
1 52 28 1
1 53 4 1
1 53 8 1
1 53 48 1
1 54 5 1
1 54 9 1
1 54 48 1
1 55 6 1
1 55 10 1
1 55 48 1
1 56 7 1
1 56 11 1
1 56 48 1
1 57 0 1
1 57 1 1
1 57 22 1
1 58 22 1
1 58 59 1
1 58 60 1
1 59 58 1
1 60 58 1
2 0 0 1
2 0 1 1
2 0 58 1
2 1 0 1
2 1 1 1
2 1 58 1
2 2 2 1
2 3 3 1
2 3 20 1
2 4 4 1
2 5 5 1
2 6 6 1
2 7 7 1
2 8 8 1
2 9 9 1
2 10 10 1
2 11 11 1
2 12 12 1
2 12 13 1
2 12 23 1
2 12 49 1
2 13 12 1
2 13 13 1
2 13 23 1
2 13 49 1
2 14 14 1
2 14 15 1
2 14 16 1
2 14 17 1
2 14 57 1
2 15 14 1
2 15 15 1
2 15 16 1
2 15 17 1
2 15 57 1
2 16 14 1
2 16 15 1
2 16 16 1
2 16 17 1
2 16 57 1
2 17 14 1
2 17 15 1
2 17 16 1
2 17 17 1
2 17 57 1
2 18 18 1
2 19 19 1
2 20 3 1
2 20 20 1
2 20 21 1
2 21 20 1
2 21 21 1
2 22 22 1
2 22 50 1
2 23 12 1
2 23 13 1
2 23 23 1
2 23 49 1
2 24 24 1
2 25 25 1
2 26 26 1
2 27 27 1
2 28 28 1
2 29 29 1
2 30 30 1
2 31 31 1
2 32 32 1
2 33 33 1
2 34 34 1
2 35 35 1
2 36 36 1
2 37 37 1
2 38 38 1
2 39 39 1
2 40 40 1
2 41 41 1
2 42 42 1
2 43 43 1
2 44 44 1
2 45 45 1
2 46 46 1
2 47 47 1
2 48 48 1
2 49 12 1
2 49 13 1
2 49 23 1
2 49 49 1
2 50 22 1
2 50 50 1
2 51 51 1
2 52 52 1
2 53 53 1
2 54 54 1
2 55 55 1
2 56 56 1
2 57 14 1
2 57 15 1
2 57 16 1
2 57 17 1
2 57 57 1
2 58 0 1
2 58 1 1
2 58 58 1
2 59 59 1
2 59 60 1
2 60 59 1
2 60 60 1
