1 0 45 1
1 1 26 1
1 2 27 1
1 3 28 1
1 4 46 1
1 5 46 1
1 6 38 1
1 7 38 1
1 8 38 1
1 9 38 1
1 10 38 1
1 11 38 1
1 12 38 1
1 13 36 1
1 14 36 1
1 15 48 1
1 16 48 1
1 17 21 1
1 17 29 1
1 18 40 1
1 18 41 1
1 19 43 1
1 19 44 1
1 20 34 1
1 20 37 1
1 21 17 1
1 21 25 1
1 21 32 1
1 22 29 1
1 22 41 1
1 23 25 1
1 23 41 1
1 24 36 1
1 24 41 1
1 24 42 1
1 25 21 1
1 25 23 1
1 25 29 1
1 25 45 1
1 26 1 1
1 26 29 1
1 27 2 1
1 27 29 1
1 28 3 1
1 28 29 1
1 29 17 1
1 29 22 1
1 29 25 1
1 29 26 1
1 29 27 1
1 29 28 1
1 29 32 1
1 30 34 1
1 30 46 1
1 31 32 1
1 31 33 1
1 31 38 1
1 32 21 1
1 32 29 1
1 32 31 1
1 33 31 1
1 33 42 1
1 34 20 1
1 34 30 1
1 35 42 1
1 36 13 1
1 36 14 1
1 36 24 1
1 37 20 1
1 37 47 1
1 38 6 1
1 38 7 1
1 38 8 1
1 38 9 1
1 38 10 1
1 38 11 1
1 38 12 1
1 38 31 1
1 38 47 1
1 38 50 1
1 39 42 1
1 40 18 1
1 40 44 1
1 41 18 1
1 41 22 1
1 41 23 1
1 41 24 1
1 42 24 1
1 42 33 1
1 42 35 1
1 42 39 1
1 43 19 1
1 43 48 1
1 44 19 1
1 44 40 1
1 45 0 1
1 45 25 1
1 46 4 1
1 46 5 1
1 46 30 1
1 46 49 1
1 47 37 1
1 47 38 1
1 48 15 1
1 48 16 1
1 48 43 1
1 49 46 1
1 50 38 1
2 0 0 1
2 0 1 1
2 1 0 1
2 1 1 1
2 1 2 1
2 2 1 1
2 2 2 1
2 2 26 1
2 2 27 1
2 3 3 1
2 4 4 1
2 4 5 1
2 4 49 1
2 5 4 1
2 5 5 1
2 5 49 1
2 6 6 1
2 6 7 1
2 6 8 1
2 6 9 1
2 6 10 1
2 6 11 1
2 6 12 1
2 6 38 1
2 6 47 1
2 6 50 1
2 7 6 1
2 7 7 1
2 7 8 1
2 7 9 1
2 7 10 1
2 7 11 1
2 7 12 1
2 7 38 1
2 7 50 1
2 8 6 1
2 8 7 1
2 8 8 1
2 8 9 1
2 8 10 1
2 8 11 1
2 8 12 1
2 8 38 1
2 8 47 1
2 8 50 1
2 9 6 1
2 9 7 1
2 9 8 1
2 9 9 1
2 9 10 1
2 9 11 1
2 9 12 1
2 9 38 1
2 9 47 1
2 9 50 1
2 10 6 1
2 10 7 1
2 10 8 1
2 10 9 1
2 10 10 1
2 10 11 1
2 10 12 1
2 10 38 1
2 10 47 1
2 10 50 1
2 11 6 1
2 11 7 1
2 11 8 1
2 11 9 1
2 11 10 1
2 11 11 1
2 11 12 1
2 11 38 1
2 11 47 1
2 11 50 1
2 12 6 1
2 12 7 1
2 12 8 1
2 12 9 1
2 12 10 1
2 12 11 1
2 12 12 1
2 12 38 1
2 12 47 1
2 12 50 1
2 13 13 1
2 14 14 1
2 14 36 1
2 15 15 1
2 15 16 1
2 15 48 1
2 16 15 1
2 16 16 1
2 16 48 1
2 17 17 1
2 17 26 1
2 17 27 1
2 17 28 1
2 17 45 1
2 18 18 1
2 19 19 1
2 20 20 1
2 20 30 1
2 20 34 1
2 21 21 1
2 22 22 1
2 23 23 1
2 23 32 1
2 24 24 1
2 25 25 1
2 25 29 1
2 26 2 1
2 26 17 1
2 26 26 1
2 26 27 1
2 26 45 1
2 27 2 1
2 27 17 1
2 27 26 1
2 27 27 1
2 27 45 1
2 28 17 1
2 28 28 1
2 29 25 1
2 29 29 1
2 30 20 1
2 30 30 1
2 30 34 1
2 31 31 1
2 32 23 1
2 32 32 1
2 33 33 1
2 34 20 1
2 34 30 1
2 34 34 1
2 35 35 1
2 36 14 1
2 36 36 1
2 37 37 1
2 38 6 1
2 38 7 1
2 38 8 1
2 38 9 1
2 38 10 1
2 38 11 1
2 38 12 1
2 38 38 1
2 38 47 1
2 38 50 1
2 39 39 1
2 40 40 1
2 41 41 1
2 42 42 1
2 43 43 1
2 43 48 1
2 44 44 1
2 45 17 1
2 45 26 1
2 45 27 1
2 45 45 1
2 46 46 1
2 47 6 1
2 47 8 1
2 47 9 1
2 47 10 1
2 47 11 1
2 47 12 1
2 47 38 1
2 47 47 1
2 47 50 1
2 48 15 1
2 48 16 1
2 48 43 1
2 48 48 1
2 49 4 1
2 49 5 1
2 49 49 1
2 50 6 1
2 50 7 1
2 50 8 1
2 50 9 1
2 50 10 1
2 50 11 1
2 50 12 1
2 50 38 1
2 50 47 1
2 50 50 1
