1 0 31 1
1 1 31 1
1 2 3 1
1 2 4 1
1 2 13 1
1 2 16 1
1 2 17 1
1 2 23 1
1 2 29 1
1 3 2 1
1 4 2 1
1 4 12 1
1 4 22 1
1 4 25 1
1 4 31 1
1 5 31 1
1 5 34 1
1 6 23 1
1 7 8 1
1 7 10 1
1 7 18 1
1 7 23 1
1 7 26 1
1 7 31 1
1 8 7 1
1 9 20 1
1 9 22 1
1 10 7 1
1 11 12 1
1 12 4 1
1 12 11 1
1 12 28 1
1 13 2 1
1 14 31 1
1 14 32 1
1 15 20 1
1 15 28 1
1 16 2 1
1 17 2 1
1 18 7 1
1 19 21 1
1 19 22 1
1 20 9 1
1 20 15 1
1 20 21 1
1 20 22 1
1 20 31 1
1 20 35 1
1 20 37 1
1 21 19 1
1 21 20 1
1 21 22 1
1 21 36 1
1 22 4 1
1 22 9 1
1 22 19 1
1 22 20 1
1 22 21 1
1 22 25 1
1 23 2 1
1 23 6 1
1 23 7 1
1 23 24 1
1 23 31 1
1 23 33 1
1 24 23 1
1 25 4 1
1 25 22 1
1 25 37 1
1 25 38 1
1 26 7 1
1 27 31 1
1 28 12 1
1 28 15 1
1 28 32 1
1 28 35 1
1 29 2 1
1 30 31 1
1 31 0 1
1 31 1 1
1 31 4 1
1 31 5 1
1 31 7 1
1 31 14 1
1 31 20 1
1 31 23 1
1 31 27 1
1 31 30 1
1 31 32 1
1 32 14 1
1 32 28 1
1 32 31 1
1 33 23 1
1 34 5 1
1 35 20 1
1 35 28 1
1 36 21 1
1 37 20 1
1 37 25 1
1 38 25 1
2 0 0 1
2 1 1 1
2 2 2 1
2 2 3 1
2 2 17 1
2 2 29 1
2 3 2 1
2 3 3 1
2 3 17 1
2 3 29 1
2 4 4 1
2 5 5 1
2 5 34 1
2 6 6 1
2 7 7 1
2 7 8 1
2 7 18 1
2 7 26 1
2 8 7 1
2 8 8 1
2 8 18 1
2 8 26 1
2 9 9 1
2 10 10 1
2 11 11 1
2 11 12 1
2 12 11 1
2 12 12 1
2 13 13 1
2 14 14 1
2 14 32 1
2 15 15 1
2 16 16 1
2 17 2 1
2 17 3 1
2 17 17 1
2 17 29 1
2 18 7 1
2 18 8 1
2 18 18 1
2 18 26 1
2 19 19 1
2 19 27 1
2 20 20 1
2 21 21 1
2 22 22 1
2 23 23 1
2 23 33 1
2 24 24 1
2 25 25 1
2 26 7 1
2 26 8 1
2 26 18 1
2 26 26 1
2 27 19 1
2 27 27 1
2 28 28 1
2 29 2 1
2 29 3 1
2 29 17 1
2 29 29 1
2 30 30 1
2 31 31 1
2 32 14 1
2 32 32 1
2 33 23 1
2 33 33 1
2 34 5 1
2 34 34 1
2 35 35 1
2 36 36 1
2 37 37 1
2 38 38 1
